,bedrooms,bathrooms,level,garage,age,elevation,neighborhood[Ahwatukee Foothills 0]:sqft,neighborhood[Alahambra]:sqft,neighborhood[Alegre Community]:sqft,neighborhood[Alta Mira]:sqft,neighborhood[Baseline-Hardy]:sqft,neighborhood[Bell De Mar Crossing]:sqft,neighborhood[Camelback East]:sqft,neighborhood[Central]:sqft,neighborhood[Central City]:sqft,neighborhood[Cyprus Southwest]:sqft,neighborhood[Daley Park]:sqft,neighborhood[Dava-Lakeshore]:sqft,neighborhood[Deer Valley]:sqft,neighborhood[Desert View]:sqft,neighborhood[Encanto]:sqft,neighborhood[Escalante]:sqft,neighborhood[Estrella]:sqft,neighborhood[Evergreen]:sqft,neighborhood[Gililland]:sqft,neighborhood[Holdeman]:sqft,neighborhood[Hughes Acres]:sqft,neighborhood[Jen Tilly Terrace]:sqft,neighborhood[Kiwanis Park]:sqft,neighborhood[Kyrene-Superstition]:sqft,neighborhood[Laveen]:sqft,neighborhood[Lindon Park]:sqft,neighborhood[Mach 8]:sqft,neighborhood[Maple-Ash]:sqft,neighborhood[Maryvale]:sqft,neighborhood[McClintock]:sqft,neighborhood[Meyer Park]:sqft,neighborhood[Mitchell Park West]:sqft,neighborhood[New Village]:sqft,neighborhood[North Gateway]:sqft,neighborhood[North Mountain]:sqft,neighborhood[North Scottsdale]:sqft,neighborhood[Northeast 0]:sqft,neighborhood[Northeast 3]:sqft,neighborhood[Northeast 4]:sqft,neighborhood[Northwest]:sqft,neighborhood[Ntna-College]:sqft,neighborhood[Ntna-Indian Bend]:sqft,neighborhood[Ntna-West Rio]:sqft,neighborhood[Optimist Park Ne]:sqft,neighborhood[Optimist Park Sw]:sqft,neighborhood[Paradise Valley]:sqft,neighborhood[Pepperwood]:sqft,neighborhood[Pinnacle Peak]:sqft,neighborhood[Riverside]:sqft,neighborhood[Rural-Geneva]:sqft,neighborhood[Shalimar]:sqft,neighborhood[South Mountain]:sqft,neighborhood[South Scottsdale]:sqft,neighborhood[Southeast 0]:sqft,neighborhood[Southwest]:sqft,neighborhood[Sunburst Farms]:sqft,neighborhood[Sunset]:sqft,neighborhood[Tempe Gardens]:sqft,neighborhood[Tempe Royal Estates]:sqft,neighborhood[West Central]:sqft
bedrooms,144.296518715,-58.5969486537,3.00631603233,-6.1239757338,-1.32409068103,-0.1899082261,-0.117980739163,-0.133583217543,-0.158107685884,-0.120953499605,-0.122405378623,-0.112710534364,-0.109771677742,-0.148296417803,-0.0527792452313,-0.161903398886,-0.24475228799,-0.144270602296,-0.116939402663,-0.105810449818,-0.0962968527685,-0.149690597135,-0.155329672244,-0.115950676218,-0.135765401554,-0.192058702632,-0.14106720698,0.0438245238387,-0.123132901723,-0.153336388005,-0.138041452952,-0.123232441203,-0.127226116116,-0.0549665981189,-0.168252084898,-0.141243939882,-0.170168085699,-0.0956131334517,-0.0904725961446,-0.108424520745,-0.115875267963,-0.0874584805893,-0.123546951369,-0.0789928907657,-0.195971717648,-0.0985613341321,-0.139946947576,-0.137852543859,-0.131720174872,-0.158791744501,-0.151356980441,-0.12159674958,-0.109785811643,-0.035740951557,0.0154151311697,-0.161166798861,-0.13811681832,-0.140157566912,-0.102516794081,-0.119313456034,-0.117005969073,-0.123164601545,-0.083701808684,-0.117170559368,-0.189031635775,-0.137249118092
bathrooms,-58.5969486537,297.987335482,1.19229913813,7.22199399444,1.25228970222,-0.741605189608,-0.113902664637,-0.106975563384,-0.214069806358,-0.0720172820179,-0.132951825007,-0.117535624625,-0.123319360663,-0.0826126122166,-0.0774314309938,-0.125190101141,-0.221720613025,-0.13737372061,-0.0912143965496,-0.0614280573658,-0.0991455649034,-0.0927019835814,-0.138884192673,-0.121909378315,-0.107013017843,-0.132653509014,-0.133153379648,-0.0322525444635,-0.12895393096,-0.164313187472,-0.116268591992,-0.150826835269,-0.112128400054,-0.228172409625,-0.114245241416,0.0522128766739,-0.165203460473,0.0146683159511,-0.0446811764485,-0.0785190022614,-0.0887998277588,-0.0809687674952,-0.0916413925377,-0.116047897404,-0.0673485011983,-0.0801653557023,-0.0703552054088,-0.10381828938,0.044906636884,-0.0466904211247,0.0559244249808,-0.0744391109446,-0.166441839799,-0.0291340355019,-0.180729307869,0.0487430535497,0.051383893091,-0.112114607324,-0.104241040636,-0.0858112390381,-0.120039861777,-0.19291860643,-0.211045898843,-0.132062808718,-0.0774470879308,-0.0863898600022
level,3.00631603233,1.19229913813,7.67232880471,0.328263507279,0.0313127304604,-0.057392265628,-0.000702683534141,-0.000151891054275,0.00528024323919,-0.000604665536388,0.00087081119869,0.000137944482785,0.000870287601707,0.000922589119969,0.00199734028088,-0.00150379466815,-0.00410318034118,0.000387711345294,0.00133649537762,0.00318271029701,0.00062493926077,0.00223495109275,-0.00228651245721,0.000280334970989,-0.000466752318708,-0.0012291087936,-0.000200987318407,0.0129631525258,0.000122089959022,-2.64309296352e-05,-0.0020144701854,-0.000419203486626,1.81550189305e-05,-0.000236051733044,-0.00165218974059,0.000835453584589,-0.00141488793394,0.00361297536108,0.0055723988081,0.00255326967135,0.00119530470836,-0.00125254878807,0.00272431887036,0.00557982727642,0.009107913486,0.000177162828805,0.000778946447187,0.00076155279255,0.00487326882427,0.000144317425223,0.000893334079481,0.00105752803027,0.00135562679695,0.00964278171149,0.00489253991434,0.00626235445382,0.000840527281552,-0.000425623657873,-0.00120385529723,0.00221423518721,-0.000633227944898,-0.00171747398249,-0.0139172214592,-3.29460025808e-05,-0.00126040930092,-0.00130034062136
garage,-6.1239757338,7.22199399444,0.328263507279,209.821214224,-0.939037508083,-0.141015417352,-0.0293204743231,-0.0164245402352,0.149594202386,-0.0519765859332,0.0075058870623,-0.0353561444282,-0.0289117682995,-0.0133077021016,-0.028693728287,-0.0333136653646,-0.067371290146,-0.022793498245,-0.0354565425721,-0.0255390788452,-0.0188767842706,-0.0220086277841,-0.0500524257084,-0.00512666858368,-0.0442925135195,-0.087066563035,-0.0166784724263,0.140056648676,-0.0284350765419,-0.0948561912181,-0.0326150965186,0.0671597727107,0.0028086480068,0.0274330286217,-0.0323358876604,-0.0634511828935,-0.0284616119468,0.0108741612101,-0.0157601189082,-0.0216499374043,-0.0241817493692,-0.0134699279073,-0.0138219221631,-0.019726920457,0.0885970690686,-0.0109684171321,-0.0274077895494,0.0421157786388,0.0909491965754,-0.0217143298049,-0.0679961207963,-0.0250855618049,-0.0331757632864,0.0168534012174,-0.0929829252966,-0.174561030943,-0.0620239448713,-0.0381894200733,-0.0123747086622,-0.0229930730936,-0.0124942798293,-0.0536840040434,-0.0583561825248,-0.00992344024484,-0.0639163005018,-0.0220895004028
age,-1.32409068103,1.25228970222,0.0313127304604,-0.939037508083,0.394456018244,-0.0318895422816,0.00136460770168,-0.00182320503713,-0.00736607613603,0.000805495064737,0.00122287772298,-0.000550551453096,-0.00133713369033,0.000537831649498,-0.000459887496177,-0.000868944065442,0.000782623359819,0.000895152495479,0.0018636792033,0.00360727865611,-0.00300559363281,-0.00187113310778,0.000937553222873,-0.00126958310903,0.00119515161441,0.000293424101909,-0.00150521856392,-0.00401170558033,-0.000796321669388,-0.000636907165201,0.00136929505032,-0.00502905462571,-0.00229812564141,-0.00994311795997,-0.000372848925579,0.000767722390733,6.08411362319e-05,-0.00626907960695,0.00458556281317,0.00394141407962,0.000169972891749,0.00288477206479,0.00309480308451,0.000163714988924,0.0105600128337,0.000341286384924,-0.00178049987913,0.00404366685496,0.000100908815606,-0.00020170163344,0.000821600921136,0.0021543023468,-0.000499672823601,0.00642902864389,-0.00187976702671,-3.26821415841e-05,0.000763986269195,0.00120057800922,-0.000451774497301,0.00274107546479,-0.00038847019746,7.39117268356e-05,0.000943086149143,-0.00234103749733,0.000941156246006,-0.00074533526007
elevation,-0.1899082261,-0.741605189608,-0.057392265628,-0.141015417352,-0.0318895422816,0.00869338549864,5.72365287775e-05,0.000202731509769,-0.000198018810379,0.00010826507021,-8.35817346366e-05,0.000145158089547,6.5820636168e-05,-0.000113312442403,-0.000228392664645,0.000391976162554,0.000788569097312,2.05755939045e-05,-0.000166697742654,-0.000452574345187,0.000144402997571,-0.000142817987124,0.000339562961067,0.000161853697011,8.26537428006e-05,0.000285975228343,0.000248113073697,-0.00172270683339,0.000167662664178,0.000252089800624,0.000264636048406,0.000467042578434,0.000225705673375,0.000946650328361,0.000289701941862,-0.000291415707082,0.000371476098603,-0.0002516072097,-0.000798881896917,-0.00039081813231,-5.48717639426e-05,-0.000460892028316,-0.000369691441347,-0.000537799954011,-0.00169012645416,-0.000174864887849,6.02406183917e-05,-0.00032332275549,-0.0009587290825,-1.3734832318e-05,-0.000311980148814,-0.00031734883677,4.57821298876e-05,-0.0013718495451,-0.000297125069834,-0.000996381619474,-0.000288623394608,7.6154166445e-05,-0.00011102263984,-0.000313985729372,4.23711206999e-05,0.000502673355309,-0.000148343036608,0.000282301011457,0.000189138779443,-0.000159077464069
neighborhood[Ahwatukee Foothills 0]:sqft,-0.117980739163,-0.113902664637,-0.000702683534141,-0.0293204743231,0.00136460770168,5.72365287775e-05,0.000590897051797,0.000328716547985,0.000578070174817,0.0002624212425,0.000339561198486,0.000304905329372,0.000329432005809,0.000349056088834,0.000227178136357,0.000353130435436,0.000510517041322,0.000376061891835,0.000305490509194,0.000278211107712,0.000287055585922,0.000403848300506,0.00034748213157,0.000311831431789,0.00032123404577,0.000431324161497,0.000356759142428,0.000280906407503,0.000331387514833,0.000423829892054,0.000296259764411,0.000328577072522,0.000319903667061,0.000296143743857,0.000363048028031,0.000236943512123,0.00039914416633,0.000268802722986,0.000279841707391,0.000284136166603,0.000300859438781,0.000279772900022,0.000328459594366,0.000354737857583,0.000518479768659,0.000278899000532,0.000327838784992,0.000325593198321,0.000306770792156,0.000322555141468,0.000253899969966,0.000314976613974,0.000369407565958,0.000239122189526,0.00028081181244,0.000447589117288,0.000231802886348,0.000333000918995,0.000312345682469,0.000313368614345,0.000323948076781,0.000337043752931,0.000407853462307,0.000319742865431,0.000367116744539,0.0003658408186
neighborhood[Alahambra]:sqft,-0.133583217543,-0.106975563384,-0.000151891054275,-0.0164245402352,-0.00182320503713,0.000202731509769,0.000328716547985,0.000895296520308,0.000750170013966,0.00029612571455,0.000381723793019,0.000355561064335,0.000393210228696,0.000405310685366,0.000270020512929,0.000413257100575,0.000569560657787,0.000426187613702,0.000338648853736,0.000295391128235,0.000361120852689,0.00049387226131,0.000386948031341,0.000371368415596,0.000359433865088,0.000494098513619,0.00042508885744,0.000396463559045,0.000388503618403,0.000490767670018,0.000325114460941,0.00042468863899,0.000391983699587,0.000419137253908,0.000422605889774,0.000283975632183,0.000455110230953,0.00038980600453,0.000293574815732,0.000296710625483,0.00034935887621,0.000302510773491,0.000356892296652,0.000416277913153,0.000531447586141,0.000323923193265,0.000401900334878,0.000344035416603,0.000385938617499,0.00038359190308,0.000304302305429,0.000351000500348,0.000428057833765,0.000235340246185,0.00033519101698,0.000548205915478,0.00027776058737,0.000373208906681,0.000368431787186,0.000342027000323,0.000378365354386,0.000374937595552,0.000455429804884,0.000388894168087,0.000418696125405,0.000437832097655
neighborhood[Alegre Community]:sqft,-0.158107685884,-0.214069806358,0.00528024323919,0.149594202386,-0.00736607613603,-0.000198018810379,0.000578070174817,0.000750170013966,0.131175012745,0.000490151233931,0.000731592505774,0.000648989139953,0.000752988574637,0.000758150772313,0.000544660014765,0.000721881928649,0.000918000548882,0.000782329993519,0.000608907346366,0.000536430502712,0.000714115312735,0.000970756006282,0.000640566207032,0.000711378804485,0.000619296419703,0.000827398079791,0.000795005036276,0.00118908395412,0.000718661526684,0.000854987130231,0.000535421099841,0.000894673058345,0.000760325335912,0.000914210966126,0.000741551990267,0.000476363861732,0.000800625596089,0.000872277290277,0.000569893501997,0.000531235997408,0.000651413421116,0.00058418973023,0.000663847753431,0.00086650717146,0.00109697634979,0.000628318377934,0.000757267407507,0.000655573981597,0.000889948065836,0.000697483616995,0.000510443659612,0.000650344789553,0.000816270769327,0.00053777796992,0.000703787550049,0.00101222156411,0.000466154988926,0.000651080146165,0.000723763051049,0.000626981831524,0.000720319457474,0.00063007232178,0.000876816641625,0.000746208598485,0.000687102360032,0.000848225441788
neighborhood[Alta Mira]:sqft,-0.120953499605,-0.0720172820179,-0.000604665536388,-0.0519765859332,0.000805495064737,0.00010826507021,0.0002624212425,0.00029612571455,0.000490151233931,0.00921467093059,0.000292712660686,0.000272608357487,0.000293105913638,0.000312059232295,0.000199665432252,0.000320307331677,0.000460851907811,0.000331451440734,0.00027082631648,0.000243364909126,0.000258632270688,0.000363795698221,0.000312619613468,0.000275658430075,0.000288362849987,0.000395818748215,0.000318659151192,0.000216439081596,0.000295232545838,0.000384754713457,0.000264944885406,0.000285738891583,0.000285561345931,0.000258628752701,0.000329192362993,0.000231781831617,0.000355330312933,0.000252414431655,0.000240355518789,0.000246431993102,0.000268526679647,0.000240096735296,0.000285722289299,0.000306388609958,0.000429365526325,0.000245673880092,0.000300194825887,0.000274607962908,0.00026789309116,0.000296124650398,0.000248370633787,0.000278485557993,0.000323142421844,0.000190842284369,0.000240504327114,0.000430086128531,0.000226732134529,0.000297721441784,0.000274591952256,0.000274716986753,0.000285466105059,0.000297875944448,0.000348829472355,0.000284609184313,0.000340097026121,0.000327935288399
neighborhood[Baseline-Hardy]:sqft,-0.122405378623,-0.132951825007,0.00087081119869,0.0075058870623,0.00122287772298,-8.35817346366e-05,0.000339561198486,0.000381723793019,0.000731592505774,0.000292712660686,0.00964602240668,0.000350351540034,0.000384669384715,0.000407067267008,0.000270493722797,0.000399842785729,0.000565482970725,0.000435580678025,0.000352049208334,0.000324177662161,0.000337944752084,0.00047687807141,0.000388301226778,0.00036510912178,0.000363951676648,0.000481413881373,0.000413616668763,0.000413014729377,0.000382765767526,0.00047758108466,0.000331768636835,0.000399381864873,0.000375778738563,0.000360110267749,0.000412369702086,0.000264521842014,0.00045465635114,0.000334450245111,0.000334479501613,0.000330100620387,0.000349589034649,0.000331719464159,0.000384981711919,0.000429375967595,0.000638890596763,0.000329158390879,0.000380392783441,0.000387835973484,0.00039348361337,0.000371399448989,0.000283447011917,0.000367259035537,0.000431519544403,0.000304707975058,0.000335467351098,0.000512461086958,0.000258842294656,0.000379056747922,0.000369384324744,0.000364919470664,0.000378955052099,0.000377180923147,0.000476994535541,0.000373379042918,0.000408487036308,0.000430133173057
neighborhood[Bell De Mar Crossing]:sqft,-0.112710534364,-0.117535624625,0.000137944482785,-0.0353561444282,-0.000550551453096,0.000145158089547,0.000304905329372,0.000355561064335,0.000648989139953,0.000272608357487,0.000350351540034,0.0110075927883,0.000355934137618,0.000366366475137,0.000246961576525,0.00037350054731,0.00052499202628,0.00039115127975,0.000314202047268,0.000277992914946,0.000320184285804,0.000440239097714,0.000357826256905,0.000334199599648,0.000331934994587,0.000453139476863,0.000382423473371,0.000337437689841,0.000353080589588,0.000452091683428,0.000301229562493,0.00036696476655,0.00034782652238,0.000359442800297,0.000382187518553,0.000252479083567,0.000416031294141,0.000325605526651,0.000277920694985,0.000280981906405,0.00031778840193,0.000283425743833,0.000332222975902,0.000381214449919,0.000497815147358,0.000294464337594,0.000357084760544,0.000319159115011,0.000330580302512,0.000342241037985,0.000270550105427,0.000323857260459,0.000393238929841,0.000229701086925,0.000317198503901,0.000495962909601,0.000246967500804,0.000344013910226,0.00033379827518,0.00031831920063,0.000343468865966,0.000350199484541,0.000428206892988,0.000347869875994,0.000381492226346,0.000393223182296
neighborhood[Camelback East]:sqft,-0.109771677742,-0.123319360663,0.000870287601707,-0.0289117682995,-0.00133713369033,6.5820636168e-05,0.000329432005809,0.000393210228696,0.000752988574637,0.000293105913638,0.000384669384715,0.000355934137618,0.000762501810334,0.000403598928362,0.000280510936265,0.000403942916492,0.000554353744065,0.000427348182833,0.000342978286526,0.000303526545196,0.000360825176377,0.000495089789952,0.000381471045746,0.000369524383508,0.000358396415957,0.000488901243037,0.000420893347004,0.000436670369938,0.00038807533758,0.00049367194633,0.000319449255573,0.000413526460839,0.00038641454949,0.000414030251376,0.000413992431507,0.000277922823427,0.000448735666825,0.000387277047701,0.000308872865567,0.000304367609068,0.000350549461291,0.000314033432106,0.000363654984865,0.000434731058453,0.000551946501172,0.000327866032258,0.000397252079836,0.000345342383751,0.000386883742857,0.000375941644767,0.000297811852162,0.000356228747564,0.000435587669875,0.000264993634969,0.000368229354627,0.000566105981895,0.000271893657589,0.00037198970885,0.000373208505765,0.000348035471192,0.000379508266317,0.000373952352438,0.000476723206914,0.000385651819709,0.000409005589258,0.000439815866037
neighborhood[Central]:sqft,-0.148296417803,-0.0826126122166,0.000922589119969,-0.0133077021016,0.000537831649498,-0.000113312442403,0.000349056088834,0.000405310685366,0.000758150772313,0.000312059232295,0.000407067267008,0.000366366475137,0.000403598928362,0.00178708546019,0.000283680168275,0.000421994790862,0.000584801935215,0.000449954735486,0.000366332107129,0.000335046710801,0.000361407288611,0.000512608305024,0.000402717362562,0.000380044260252,0.000380299240277,0.000513292021355,0.00043375568423,0.000430317765459,0.00039948804553,0.000504021337923,0.000341869796732,0.000414224261238,0.000396524353831,0.000371966189148,0.000436468031637,0.000310249480362,0.000469745548206,0.000387675072813,0.000344317780375,0.000336520606424,0.000368030581677,0.000338657136763,0.000395559825057,0.000445396530989,0.000642383181844,0.000344492211238,0.00041310065207,0.000387051340985,0.000429775163117,0.000403847177215,0.000332445720236,0.000384257718344,0.000443032444563,0.000302078128584,0.000340388974125,0.000594190612195,0.000303594270787,0.00039501221054,0.000385738388445,0.000377146269507,0.000393543801916,0.000380673626348,0.000479538863304,0.000390897370302,0.000441056939072,0.00045921630808
neighborhood[Central City]:sqft,-0.0527792452313,-0.0774314309938,0.00199734028088,-0.028693728287,-0.000459887496177,-0.000228392664645,0.000227178136357,0.000270020512929,0.000544660014765,0.000199665432252,0.000270493722797,0.000246961576525,0.000280510936265,0.000283680168275,0.0019376556687,0.000267511750024,0.000354662896607,0.000297703948618,0.000244694696228,0.000224044751583,0.000254599941859,0.000355682292632,0.000252688094712,0.000255071560207,0.000246308705648,0.000332003711799,0.000287750848504,0.000386477782829,0.000268534825146,0.000343736650172,0.000209980923753,0.000276281829508,0.000264471763153,0.000277672467593,0.000277037736154,0.000199459897257,0.000299242750762,0.000289283154699,0.000240309386631,0.0002216925007,0.000247797757329,0.000235562902612,0.00026345059179,0.000331948980227,0.000424370274713,0.000236731505155,0.000277426001238,0.000242154663824,0.000296588651566,0.000259359686716,0.000213724745027,0.000258216262224,0.000310029681933,0.000230988931853,0.000294388528608,0.000442527533402,0.000195243906457,0.000255684828835,0.000268938660089,0.000251443535229,0.000266107856902,0.000247292377737,0.000353298933338,0.000264236755117,0.00027404868249,0.000316079986165
neighborhood[Cyprus Southwest]:sqft,-0.161903398886,-0.125190101141,-0.00150379466815,-0.0333136653646,-0.000868944065442,0.000391976162554,0.000353130435436,0.000413257100575,0.000721881928649,0.000320307331677,0.000399842785729,0.00037350054731,0.000403942916492,0.000421994790862,0.000267511750024,0.0061217213853,0.000634365977632,0.000450052688319,0.000357407043373,0.000310556171961,0.000364275624732,0.000498310324394,0.000424642770899,0.00038568353974,0.000386422527189,0.000532156375387,0.0004447078793,0.000305395241732,0.000407099274678,0.000519475300905,0.000359384906104,0.000430009489387,0.000404364143136,0.000412522468273,0.000452555072854,0.000294659938317,0.000490930289398,0.000360092429523,0.000298903586226,0.000316074350469,0.000363253141494,0.000310984303801,0.000374422804909,0.000409027158671,0.000542337283233,0.000331612454245,0.00041288949911,0.000367411345115,0.00036270715792,0.000401211338331,0.000315757397336,0.000365571299611,0.000442947810536,0.000221789351772,0.000319500632246,0.000536097445749,0.000288137901735,0.000400320013944,0.000375151101467,0.000359578204033,0.000392911583583,0.000411611646535,0.00046698705266,0.000402719659764,0.000454542151698,0.000445341170664
neighborhood[Daley Park]:sqft,-0.24475228799,-0.221720613025,-0.00410318034118,-0.067371290146,0.000782623359819,0.000788569097312,0.000510517041322,0.000569560657787,0.000918000548882,0.000460851907811,0.000565482970725,0.00052499202628,0.000554353744065,0.000584801935215,0.000354662896607,0.000634365977632,0.0324617183628,0.000638395108972,0.000506768814102,0.000440735037928,0.000486130065102,0.00066451223542,0.000623652586945,0.000535360928515,0.000556135221196,0.000762291580131,0.00062035933157,0.000274910947396,0.00057071515859,0.000735225301225,0.000532045103403,0.000577655250701,0.000553946965353,0.000538070926115,0.000644246628109,0.000394023843394,0.000709343829754,0.000416554505479,0.000412453302307,0.000456337139131,0.000504249309798,0.0004335868482,0.000530083642269,0.000539343783293,0.000753723778434,0.000454104928684,0.000558973499286,0.000532535788533,0.000438505433178,0.000552897922833,0.000422244449497,0.000510524497902,0.00061782331142,0.000288680798626,0.000414429414386,0.000677354508978,0.000385195967432,0.000575138540229,0.000511086484041,0.000509216473431,0.000546697578462,0.00061007363274,0.000653692640249,0.000555987589047,0.0006526265377,0.00060101745775
neighborhood[Dava-Lakeshore]:sqft,-0.144270602296,-0.13737372061,0.000387711345294,-0.022793498245,0.000895152495479,2.05755939045e-05,0.000376061891835,0.000426187613702,0.000782329993519,0.000331451440734,0.000435580678025,0.00039115127975,0.000427348182833,0.000449954735486,0.000297703948618,0.000450052688319,0.000638395108972,0.0245448153487,0.000389029210805,0.000353336695037,0.000377631541852,0.00052944759684,0.000436502543466,0.000403664475615,0.000406729322143,0.000546403865747,0.000460382819884,0.00041463044865,0.000426082144027,0.000540348420875,0.000371014243149,0.000436221877082,0.000416930155246,0.000401398336229,0.000462981365284,0.000305627072,0.000506667953575,0.000374407571565,0.000358777849425,0.000358798654317,0.000387546801632,0.000358380274321,0.000418963839509,0.000466210992645,0.000666259908272,0.000361307210111,0.000427081716815,0.000413376329709,0.000417085321256,0.000416219530741,0.000327496987994,0.000403416799353,0.000476111184893,0.000311661343093,0.00037046056057,0.000588482144347,0.000299017767317,0.000422274525997,0.000405990026081,0.000399324429684,0.00041796502499,0.000422974135342,0.000522265024334,0.000415276610624,0.000464050791605,0.000476526656997
neighborhood[Deer Valley]:sqft,-0.116939402663,-0.0912143965496,0.00133649537762,-0.0354565425721,0.0018636792033,-0.000166697742654,0.000305490509194,0.000338648853736,0.000608907346366,0.00027082631648,0.000352049208334,0.000314202047268,0.000342978286526,0.000366332107129,0.000244694696228,0.000357407043373,0.000506768814102,0.000389029210805,0.000498457882927,0.000298957083977,0.000298953462882,0.000428432921697,0.000350755143843,0.000320402220398,0.000331215586014,0.000443164421641,0.000365461851992,0.000344064374421,0.000340957255422,0.000437333882067,0.000298474486477,0.000330054257449,0.000328357189704,0.000289183545549,0.000370321329125,0.000260155070179,0.000403435856216,0.000298330410129,0.000309579477545,0.00030211911765,0.000315104823449,0.00030056385444,0.000348413938849,0.0003851409248,0.00057110780856,0.000294951166506,0.000343507856876,0.000339337005851,0.000346318202684,0.000338113997922,0.000278765021934,0.000335120259715,0.000383210649316,0.000280220745012,0.000305610524409,0.000508609670051,0.000254603317322,0.000343270221129,0.000328599145198,0.000332093291371,0.000335683165852,0.000335024700001,0.00042631733551,0.000326667358796,0.00037820176573,0.000387430588941
neighborhood[Desert View]:sqft,-0.105810449818,-0.0614280573658,0.00318271029701,-0.0255390788452,0.00360727865611,-0.000452574345187,0.000278211107712,0.000295391128235,0.000536430502712,0.000243364909126,0.000324177662161,0.000277992914946,0.000303526545196,0.000335046710801,0.000224044751583,0.000310556171961,0.000440735037928,0.000353336695037,0.000298957083977,0.000702645975136,0.000257042549289,0.000384087189373,0.000310799770708,0.000281884480931,0.000299961040808,0.000392498459452,0.000319591510862,0.000341629802659,0.000301110512119,0.000384842128083,0.000267111609589,0.000274128881457,0.000284666626979,0.000209798293454,0.000326086974623,0.000242358019849,0.000355657328118,0.000256221034935,0.000311917447885,0.000293691033142,0.000285950858436,0.000290438832989,0.000332655605125,0.000360330895868,0.000590300666237,0.000271237549803,0.000302856198901,0.000327938002502,0.000337841448747,0.000304746413709,0.000259685031226,0.000316071670517,0.000342833763786,0.00030511414575,0.00027428248745,0.000477109605412,0.000237305805846,0.000311203318996,0.000297573824988,0.000315245650158,0.000300821062451,0.000290105529043,0.000388609761298,0.00028133547742,0.00033870663921,0.000350642597694
neighborhood[Encanto]:sqft,-0.0962968527685,-0.0991455649034,0.00062493926077,-0.0188767842706,-0.00300559363281,0.000144402997571,0.000287055585922,0.000361120852689,0.000714115312735,0.000258632270688,0.000337944752084,0.000320184285804,0.000360825176377,0.000361407288611,0.000254599941859,0.000364275624732,0.000486130065102,0.000377631541852,0.000298953462882,0.000257042549289,0.00114966793075,0.00045639455141,0.000334050593196,0.000336137500836,0.000314486811924,0.000435533531017,0.000383151975293,0.000424456688932,0.000350086222618,0.000442780660593,0.000276984698938,0.000392939903224,0.000357075704444,0.000411362217013,0.000372004947082,0.000253363719571,0.000398391952502,0.000386662825627,0.000259339446241,0.000254994529678,0.000314131176296,0.000269470746089,0.00031259265474,0.000391264913614,0.000454421328094,0.000293688286321,0.000367084066374,0.000290839871977,0.000359622845325,0.000341434220696,0.000271498016813,0.000311241040638,0.000390264747924,0.000213342546639,0.000335563045627,0.000521845835536,0.000247833334356,0.000326660931271,0.000337484557364,0.000300147329491,0.000341397462462,0.000327768266025,0.000419266515847,0.000355138659144,0.000363050389003,0.000400867917325
neighborhood[Escalante]:sqft,-0.149690597135,-0.0927019835814,0.00223495109275,-0.0220086277841,-0.00187113310778,-0.000142817987124,0.000403848300506,0.00049387226131,0.000970756006282,0.000363795698221,0.00047687807141,0.000440239097714,0.000495089789952,0.000512608305024,0.000355682292632,0.000498310324394,0.00066451223542,0.00052944759684,0.000428432921697,0.000384087189373,0.00045639455141,0.0457812274006,0.000462326630733,0.000459909000323,0.000442385245326,0.0006048333156,0.000523516296417,0.000609890323777,0.00048058679698,0.000607027259381,0.00038667741695,0.000518364804469,0.000485515273757,0.000504463809814,0.000514322687599,0.000374641700932,0.000547659926454,0.000528625389074,0.000398520465571,0.000380248666075,0.00044117078729,0.000396302415794,0.000457195727309,0.000554355615308,0.000719481964988,0.000415426675455,0.00050815789106,0.000430661729826,0.000535937722688,0.000483005227403,0.000401444567878,0.00045149523484,0.000536594574839,0.00035121181142,0.000451331559004,0.00075970996023,0.000366607615717,0.000459578191082,0.000470674763111,0.000437279693963,0.00047310075195,0.000440766685336,0.000580687559116,0.0004791148141,0.000512377016886,0.000562451540565
neighborhood[Estrella]:sqft,-0.155329672244,-0.138884192673,-0.00228651245721,-0.0500524257084,0.000937553222873,0.000339562961067,0.00034748213157,0.000386948031341,0.000640566207032,0.000312619613468,0.000388301226778,0.000357826256905,0.000381471045746,0.000402717362562,0.000252688094712,0.000424642770899,0.000623652586945,0.000436502543466,0.000350755143843,0.000310799770708,0.000334050593196,0.000462326630733,0.000803543655568,0.000364133109975,0.000378272732546,0.000515835583723,0.000420293199561,0.000242904930307,0.000388542809231,0.000501525515731,0.000355568680802,0.000386425129511,0.000375596804807,0.000356467046928,0.000433522351615,0.000276603775004,0.000475793115902,0.000299517882741,0.000300127781306,0.000319279446114,0.000347500413346,0.000308325601675,0.000370022269371,0.000387541857075,0.000546399273209,0.000316471790512,0.000383534362399,0.000366553302089,0.000322214503922,0.000378224554609,0.000296407484231,0.000356797748455,0.000425458483675,0.000229540850837,0.000304335495118,0.000498322180747,0.000270492832796,0.000391236947756,0.000355454307672,0.000354930038097,0.000374810727067,0.000406407261352,0.000459386580143,0.000376517855089,0.000440532451844,0.000418345816333
neighborhood[Evergreen]:sqft,-0.115950676218,-0.121909378315,0.000280334970989,-0.00512666858368,-0.00126958310903,0.000161853697011,0.000311831431789,0.000371368415596,0.000711378804485,0.000275658430075,0.00036510912178,0.000334199599648,0.000369524383508,0.000380044260252,0.000255071560207,0.00038568353974,0.000535360928515,0.000403664475615,0.000320402220398,0.000281884480931,0.000336137500836,0.000459909000323,0.000364133109975,0.0176296677167,0.000338131031633,0.00045954788913,0.000398754469437,0.000383009399653,0.000365488442973,0.000458932032857,0.000307009365941,0.000399741621739,0.000366748440815,0.000393007091799,0.000394339910773,0.000254041632115,0.000429327991274,0.000352292630472,0.000282465625165,0.00028486819486,0.000328224174923,0.000290468603552,0.000340806485502,0.000396274657937,0.000519452026962,0.000305770898712,0.000371671813171,0.000333494312243,0.000360320388899,0.000354609281811,0.000272225015493,0.000331860103358,0.000406560448039,0.000235183810056,0.000321706356871,0.000495443073751,0.000248489575882,0.00035162058004,0.000347768472998,0.000325417740072,0.000357371647868,0.00035665177037,0.00043761854474,0.00036490908112,0.000387227896931,0.000409023307932
neighborhood[Gililland]:sqft,-0.135765401554,-0.107013017843,-0.000466752318708,-0.0442925135195,0.00119515161441,8.26537428006e-05,0.00032123404577,0.000359433865088,0.000619296419703,0.000288362849987,0.000363951676648,0.000331934994587,0.000358396415957,0.000380299240277,0.000246308705648,0.000386422527189,0.000556135221196,0.000406729322143,0.000331215586014,0.000299961040808,0.000314486811924,0.000442385245326,0.000378272732546,0.000338131031633,0.0113260147402,0.000474241207147,0.000388419642446,0.000293708042451,0.000360285346776,0.000464181805068,0.000321548185678,0.000354646514182,0.000348591242547,0.000320880776957,0.000397289793344,0.000268902768885,0.000433038882052,0.000302183698214,0.000299887550948,0.000304971612581,0.000327532713692,0.000299412080367,0.000353363748751,0.000381978699557,0.000547227853526,0.000302132824253,0.000361344291953,0.000345388669631,0.000333342680589,0.000355536099291,0.00028814692243,0.000341377368925,0.000398666615786,0.000249409842786,0.000301511099345,0.000505343514298,0.000263061640133,0.000362043646544,0.000338155089329,0.000338203042342,0.000350700165769,0.000363977632751,0.000435465751896,0.000347835634362,0.000405239488686,0.000399538194035
neighborhood[Holdeman]:sqft,-0.192058702632,-0.132653509014,-0.0012291087936,-0.087066563035,0.000293424101909,0.000285975228343,0.000431324161497,0.000494098513619,0.000827398079791,0.000395818748215,0.000481413881373,0.000453139476863,0.000488901243037,0.000513292021355,0.000332003711799,0.000532156375387,0.000762291580131,0.000546403865747,0.000443164421641,0.000392498459452,0.000435533531017,0.0006048333156,0.000515835583723,0.00045954788913,0.000474241207147,0.0258071690357,0.000531191918043,0.000364569057795,0.000491124775629,0.000639992093028,0.000435449191553,0.000485247933948,0.000477825840078,0.00045705665732,0.000545055532097,0.000376989548678,0.000588625901356,0.000428927990085,0.000384425388619,0.000397221721768,0.000443366590962,0.000389656485528,0.000464102972711,0.000506726792242,0.000677999102493,0.000405014150869,0.000499508841874,0.00044280931354,0.000435553520555,0.000487768061367,0.000403974616687,0.000454211189604,0.000537743576901,0.000297713823444,0.000407997410653,0.000706683017012,0.000368732032767,0.000489639746815,0.000455389880175,0.000446908329085,0.000473522994288,0.000496015267524,0.000578844580295,0.000477384573338,0.000558746799678,0.000543026728085
neighborhood[Hughes Acres]:sqft,-0.14106720698,-0.133153379648,-0.000200987318407,-0.0166784724263,-0.00150521856392,0.000248113073697,0.000356759142428,0.00042508885744,0.000795005036276,0.000318659151192,0.000413616668763,0.000382423473371,0.000420893347004,0.00043375568423,0.000287750848504,0.0004447078793,0.00062035933157,0.000460382819884,0.000365461851992,0.000319591510862,0.000383151975293,0.000523516296417,0.000420293199561,0.000398754469437,0.000388419642446,0.000531191918043,0.0115936934863,0.000407286960018,0.000417767825783,0.000527689555513,0.000354169086363,0.000453215343851,0.000418631472108,0.000445466003632,0.000454230514831,0.000295752167493,0.000493017278633,0.000399166062339,0.000316669674561,0.000323010594768,0.000374476786955,0.000327029571389,0.000386220025749,0.000444408260713,0.000576979071576,0.000346860809235,0.000426055503159,0.000376176882222,0.000401853047328,0.000407682136017,0.000316923017049,0.000377322947242,0.000461685232308,0.00025485683528,0.000359108668453,0.000568296205201,0.000289264489819,0.000403375896333,0.000394285193465,0.000369661224879,0.000406753778573,0.000410257821664,0.000493779338907,0.000416608851496,0.000449069412474,0.000465623273467
neighborhood[Jen Tilly Terrace]:sqft,0.0438245238387,-0.0322525444635,0.0129631525258,0.140056648676,-0.00401170558033,-0.00172270683339,0.000280906407503,0.000396463559045,0.00118908395412,0.000216439081596,0.000413014729377,0.000337437689841,0.000436670369938,0.000430317765459,0.000386477782829,0.000305395241732,0.000274910947396,0.00041463044865,0.000344064374421,0.000341629802659,0.000424456688932,0.000609890323777,0.000242904930307,0.000383009399653,0.000293708042451,0.000364569057795,0.000407286960018,0.283303101022,0.000375728831309,0.000426841823007,0.000194258953483,0.000484209213477,0.000408466289823,0.000499861535556,0.00033071151031,0.000283199940771,0.000344689385748,0.000661268579052,0.000436137980153,0.000318598679571,0.000371245406109,0.000399561472479,0.000404308704441,0.00064324767558,0.000837251376701,0.000391825682386,0.000427812759933,0.000367782005019,0.000720852420052,0.000371479332152,0.000303407345413,0.000398649937847,0.00047173924408,0.000549455770472,0.000568554636282,0.000793295110315,0.000277777231088,0.000313519995728,0.000450474276961,0.000375044548311,0.000403596193605,0.000231149621417,0.000562006509741,0.000393366953718,0.000285596786187,0.000526472824312
neighborhood[Kiwanis Park]:sqft,-0.123132901723,-0.12895393096,0.000122089959022,-0.0284350765419,-0.000796321669388,0.000167662664178,0.000331387514833,0.000388503618403,0.000718661526684,0.000295232545838,0.000382765767526,0.000353080589588,0.00038807533758,0.00039948804553,0.000268534825146,0.000407099274678,0.00057071515859,0.000426082144027,0.000340957255422,0.000301110512119,0.000350086222618,0.00048058679698,0.000388542809231,0.000365488442973,0.000360285346776,0.000491124775629,0.000417767825783,0.000375728831309,0.0208401827086,0.000489899052597,0.000327334761501,0.000406160911637,0.000381137013887,0.000397970421946,0.000416413533401,0.000272466724554,0.000453486176472,0.000358276958358,0.000300966705479,0.000304486985846,0.000346041789198,0.000307856661332,0.000361149579659,0.000415283026051,0.000543714856393,0.000321053472647,0.0003895484508,0.000349243749602,0.000364983093186,0.000373028894758,0.000291968713188,0.000351815915344,0.000428348999548,0.000248871131874,0.000342666120324,0.000533116053976,0.000266514378263,0.000373769666226,0.000364272376114,0.000345670120243,0.000374904126159,0.000380419161204,0.000464770758013,0.000380626874663,0.000413656194956,0.000428819670547
neighborhood[Kyrene-Superstition]:sqft,-0.153336388005,-0.164313187472,-2.64309296352e-05,-0.0948561912181,-0.000636907165201,0.000252089800624,0.000423829892054,0.000490767670018,0.000854987130231,0.000384754713457,0.00047758108466,0.000452091683428,0.00049367194633,0.000504021337923,0.000343736650172,0.000519475300905,0.000735225301225,0.000540348420875,0.000437333882067,0.000384842128083,0.000442780660593,0.000607027259381,0.000501525515731,0.000458932032857,0.000464181805068,0.000639992093028,0.000527689555513,0.000426841823007,0.000489899052597,0.0599241986677,0.000420037567955,0.000488735253871,0.000476022709732,0.000488503107667,0.000530881660954,0.000358741614349,0.000576536866235,0.000442766825877,0.000381707599015,0.000388221000157,0.000440086455758,0.000389622352678,0.000456701158425,0.000524712380914,0.000657318315116,0.000404958340741,0.000494914391801,0.000426608512242,0.000430035044801,0.000473120645102,0.000384419823909,0.000447885366057,0.000545590173008,0.000307073493578,0.000453867897005,0.000714673922391,0.000350891871603,0.000479353865246,0.00045927824299,0.000439838033966,0.000472917363215,0.000492314665459,0.000598462500805,0.000479023610183,0.000536589989841,0.000542629853068
neighborhood[Laveen]:sqft,-0.138041452952,-0.116268591992,-0.0020144701854,-0.0326150965186,0.00136929505032,0.000264636048406,0.000296259764411,0.000325114460941,0.000535421099841,0.000264944885406,0.000331768636835,0.000301229562493,0.000319449255573,0.000341869796732,0.000209980923753,0.000359384906104,0.000532045103403,0.000371014243149,0.000298474486477,0.000267111609589,0.000276984698938,0.00038667741695,0.000355568680802,0.000307009365941,0.000321548185678,0.000435449191553,0.000354169086363,0.000194258953483,0.000327334761501,0.000420037567955,0.000534253343578,0.000324279256065,0.000315702235799,0.000288093761863,0.000367482435033,0.000232388827599,0.000404555762249,0.000241238549944,0.000258438820936,0.000275486395778,0.000293635891445,0.000263673380727,0.000317414498748,0.00032413216376,0.000480959880787,0.000267539118701,0.000321137610404,0.000320070018451,0.000274455603327,0.000320147004346,0.000249026242003,0.000304014242059,0.000357709628468,0.000200240233613,0.000244952318714,0.000407747202778,0.000227263033001,0.000332875007531,0.000299069437939,0.000303699605762,0.000316650385325,0.000344349712552,0.000385497902055,0.000315716908346,0.000374155696577,0.000351416197651
